# OpenSignals Text File Format
# {"20:16:04:12:01:41": {"sensor": ["RAW", "RAW", "RAW", "RAW", "RAW", "RAW"], "device name": "20:16:04:12:01:41", "column": ["nSeq", "I1", "I2", "O1", "O2", "A1", "A2", "A3", "A4", "A5", "A6"], "sync interval": 2, "time": "9:21:58.437", "comments": "First attempt to collect cardiac data", "device connection": "BTH20:16:04:12:01:41", "channels": [1, 2, 3, 4, 5, 6], "keywords": "", "mode": 0, "digital IO": [0, 0, 1, 1], "firmware version": 1281, "device": "bitalino_rev", "position": 0, "sampling rate": 1000, "label": ["A1", "A2", "A3", "A4", "A5", "A6"], "resolution": [4, 1, 1, 1, 1, 10, 10, 10, 10, 6, 6], "date": "2018-9-17", "special": [{}, {}, {}, {}, {}, {}]}}
# EndOfHeader
0	0	0	0	0	507	510	0	505	39	12	
1	0	0	0	0	507	510	0	519	39	12	
2	0	0	0	0	509	510	0	538	39	12	
3	0	0	0	0	507	511	0	556	39	12	
4	0	0	0	0	510	509	0	575	39	12	
5	0	0	0	0	508	509	0	603	39	12	
6	0	0	0	0	505	511	0	628	39	12	
7	0	0	0	0	509	509	0	641	39	12	
8	0	0	0	0	512	509	0	649	39	12	
9	0	0	0	0	504	509	0	659	39	12	
10	0	0	0	0	504	508	0	671	39	12	
11	0	0	0	0	514	508	0	689	39	12	
12	0	0	0	0	511	509	0	693	39	12	
13	0	0	0	0	503	510	0	688	39	12	
14	0	0	0	0	503	511	0	694	39	12	
15	0	0	0	0	512	511	0	700	39	12	
0	0	0	0	0	511	512	0	705	39	12	
1	0	0	0	0	512	511	0	696	39	12	
2	0	0	0	0	518	511	0	676	39	12	
3	0	0	0	0	512	510	0	663	39	12	
4	0	0	0	0	507	510	0	654	39	12	
5	0	0	0	0	502	510	0	652	39	12	
6	0	0	0	0	509	508	0	658	39	12	
7	0	0	0	0	511	509	0	683	39	12	
8	0	0	0	0	508	510	0	689	39	12	
9	0	0	0	0	508	508	0	700	39	12	
10	0	0	0	0	508	507	0	711	39	12	
11	0	0	0	0	517	508	0	707	39	12	
12	0	0	0	0	511	509	0	700	39	12	
13	0	0	0	0	505	510	0	698	39	12	
14	0	0	0	0	512	511	0	711	39	12	
15	0	0	0	0	507	510	0	725	39	12	
0	0	0	0	0	512	508	0	718	39	12	
1	0	0	0	0	507	509	0	706	39	12	
2	0	0	0	0	504	508	0	715	39	12	
3	0	0	0	0	501	508	0	735	39	12	
4	0	0	0	0	500	509	0	757	39	12	
5	0	0	0	0	508	508	0	742	39	12	
6	0	0	0	0	511	508	0	723	39	12	
7	0	0	0	0	509	508	0	701	39	12	
8	0	0	0	0	508	507	0	683	39	12	
9	0	0	0	0	509	507	0	682	39	12	
10	0	0	0	0	507	507	0	679	39	12	
11	0	0	0	0	517	506	0	677	39	12	
12	0	0	0	0	507	505	0	680	39	12	
13	0	0	0	0	507	506	0	684	39	12	
14	0	0	0	0	505	508	0	684	39	12	
15	0	0	0	0	504	509	0	676	39	12	
0	0	0	0	0	512	511	0	662	39	12	
1	0	0	0	0	510	513	0	649	39	12	
2	0	0	0	0	504	512	0	640	39	12	
3	0	0	0	0	504	513	0	639	39	12	
4	0	0	0	0	510	513	0	636	39	12	
5	0	0	0	0	507	515	0	627	39	12	
6	0	0	0	0	512	515	0	625	39	12	
7	0	0	0	0	515	513	0	626	39	12	
8	0	0	0	0	514	514	0	600	39	12	
9	0	0	0	0	507	513	0	583	39	12	
10	0	0	0	0	509	513	0	577	39	12	
11	0	0	0	0	504	513	0	589	39	12	
12	0	0	0	0	509	512	0	589	39	12	
13	0	0	0	0	510	512	0	597	39	12	
14	0	0	0	0	512	512	0	594	39	12	
15	0	0	0	0	511	511	0	591	39	12	
0	0	0	0	0	516	511	0	574	39	12	
1	0	0	0	0	506	509	0	566	39	12	
2	0	0	0	0	503	510	0	565	39	12	
3	0	0	0	0	511	511	0	562	39	12	
4	0	0	0	0	507	510	0	571	39	12	
5	0	0	0	0	508	509	0	585	39	12	
6	0	0	0	0	506	508	0	599	39	12	
7	0	0	0	0	504	508	0	604	39	12	
8	0	0	0	0	510	507	0	600	39	12	
9	0	0	0	0	509	507	0	593	39	12	
10	0	0	0	0	501	509	0	579	39	12	
11	0	0	0	0	516	508	0	575	39	12	
12	0	0	0	0	508	507	0	591	39	12	
13	0	0	0	0	509	508	0	603	39	12	
14	0	0	0	0	501	508	0	612	39	12	
15	0	0	0	0	511	509	0	619	39	12	
0	0	0	0	0	511	509	0	621	39	12	
1	0	0	0	0	511	509	0	614	39	12	
2	0	0	0	0	505	510	0	602	39	12	
3	0	0	0	0	510	508	0	585	39	12	
4	0	0	0	0	506	508	0	576	39	12	
5	0	0	0	0	507	509	0	591	39	12	
6	0	0	0	0	519	511	0	598	39	12	
7	0	0	0	0	514	513	0	590	39	12	
8	0	0	0	0	508	512	0	579	39	12	
9	0	0	0	0	511	512	0	579	39	12	
10	0	0	0	0	507	511	0	571	39	12	
11	0	0	0	0	512	512	0	564	39	12	
12	0	0	0	0	511	510	0	560	39	12	
13	0	0	0	0	512	510	0	555	39	12	
14	0	0	0	0	508	511	0	556	39	12	
15	0	0	0	0	509	512	0	552	39	12	
0	0	0	0	0	507	512	0	545	39	12	
1	0	0	0	0	513	511	0	532	39	12	
2	0	0	0	0	505	513	0	524	39	12	
3	0	0	0	0	497	513	0	525	39	12	
4	0	0	0	0	509	511	0	529	39	12	
5	0	0	0	0	509	511	0	540	39	12	
6	0	0	0	0	512	511	0	545	39	12	
7	0	0	0	0	504	512	0	539	39	12	
8	0	0	0	0	510	513	0	537	39	12	
9	0	0	0	0	512	512	0	531	39	12	
10	0	0	0	0	508	515	0	527	39	12	
11	0	0	0	0	508	512	0	515	39	12	
12	0	0	0	0	515	510	0	511	39	12	
13	0	0	0	0	504	509	0	514	39	12	
14	0	0	0	0	512	510	0	518	39	12	
15	0	0	0	0	508	509	0	519	39	12	
0	0	0	0	0	501	510	0	515	39	12	
1	0	0	0	0	509	513	0	507	39	12	
2	0	0	0	0	515	510	0	536	39	12	
3	0	0	0	0	504	508	0	574	39	12	
4	0	0	0	0	507	508	0	597	39	12	
5	0	0	0	0	506	509	0	599	39	12	
6	0	0	0	0	511	508	0	588	39	12	
7	0	0	0	0	503	508	0	568	39	12	
8	0	0	0	0	506	509	0	552	39	12	
9	0	0	0	0	509	509	0	536	39	12	
10	0	0	0	0	508	508	0	517	39	12	
11	0	0	0	0	513	507	0	502	39	12	
12	0	0	0	0	518	506	0	495	39	12	
13	0	0	0	0	518	507	0	496	39	12	
14	0	0	0	0	507	505	0	504	39	12	
15	0	0	0	0	512	508	0	508	39	12	
0	0	0	0	0	507	509	0	508	39	12	
1	0	0	0	0	511	508	0	508	39	12	
2	0	0	0	0	506	507	0	509	39	12	
3	0	0	0	0	507	506	0	514	39	12	
4	0	0	0	0	508	506	0	514	39	12	
5	0	0	0	0	506	507	0	530	39	12	
6	0	0	0	0	512	508	0	541	39	12	
7	0	0	0	0	512	508	0	534	39	12	
8	0	0	0	0	505	508	0	528	39	12	
9	0	0	0	0	514	508	0	520	39	12	
10	0	0	0	0	508	510	0	511	39	12	
11	0	0	0	0	514	510	0	509	39	12	
12	0	0	0	0	506	510	0	514	39	12	
13	0	0	0	0	502	511	0	516	39	12	
14	0	0	0	0	512	511	0	508	39	12	
15	0	0	0	0	516	511	0	501	39	12	
0	0	0	0	0	511	510	0	489	39	12	
1	0	0	0	0	505	510	0	479	39	12	
2	0	0	0	0	508	510	0	473	39	12	
3	0	0	0	0	506	509	0	463	39	12	
4	0	0	0	0	509	508	0	455	39	12	
5	0	0	0	0	510	507	0	455	39	12	
6	0	0	0	0	504	507	0	471	39	12	
7	0	0	0	0	507	509	0	490	39	12	
8	0	0	0	0	514	509	0	495	39	12	
9	0	0	0	0	509	509	0	498	39	12	
10	0	0	0	0	512	508	0	502	39	12	
11	0	0	0	0	513	507	0	517	39	12	
12	0	0	0	0	507	507	0	524	39	12	
13	0	0	0	0	510	507	0	534	39	12	
14	0	0	0	0	512	508	0	513	39	12	
15	0	0	0	0	507	506	0	502	39	12